100737
12152
12153
12155
12157
12158
12159
12160
12162
12164
12165
12167
12168
13271
14237
14242
14304
15031
20910
21082
21483
22738
23071
23577
23854
24022
24148
24389
26994
27696
28948
29925
32054
32817
32818
33140
33203
33357
33380
33768
34851
35973
36434
39528
39530
39991
40007
40470
40519
40539
40540
40541
40542
40546
40547
40548
40551
40552
40553
40555
40557
40558
40585
40598
4125
42119
42120
42127
42236
42241
42243
42265
42266
42268
42269
42717
42964
42965
42966
42968
42969
42970
42971
42972
42973
42974
42975
42976
42977
42978
42979
42980
42981
4507
45349
4637
4644
4651
4652
46923
47031
47032
47290
47292
47293
47294
47295
47297
47298
4738
4742
4748
4764
47755
4782
4841
4858
51216
51645
51646
51647
51649
51651
5209
5227
5228
52465
5797
6440
8753
8755
8756
9506
9521
957336162
8747
5223
51221
