100732
100762
12161
12163
12172
12848
13058
14281
15188
17693
18204
18205
18206
18700
18731
22751
28060
29012
32823
33267
33273
33286
33318
34636
35531
35895
35921
36162
36171
39988
40537
40538
40543
40544
40545
40554
40556
40559
40560
40583
40584
40586
40587
40588
40589
40590
40591
40592
40593
40594
40595
40596
40597
40599
40600
40601
40602
40603
40627
41525
41526
42967
43154
45125
45126
45127
4522
45569
4624
4639
46802
47291
47474
47476
47623
4829
48780
48959
51215
51217
51218
51219
51220
51221
51222
51223
51224
51225
51226
51227
51228
51229
51230
51231
51232
51233
51259
51260
51648
51650
5180
5181
5182
5183
5184
5185
5186
5187
5188
5189
5190
5191
5192
5204
5205
5206
5207
5208
5210
5211
5212
5213
5214
5215
5216
5217
5218
5219
5220
5221
5222
5223
5224
5225
5226
5380
5382
5706
5716
5780
5800
6312
8747
8754
8765
8818
8827
8871
8888
8940
9058
9426
9579